18
18
18
18
18
19
19
19
19
20
20
20
20
20
20
20
20
20
20
20
20
20
20
20
20
20
20
21
21
21
21
21
21
21
21
22
22
22
22
22
22
22
22
22
22
22
22
22
23
23
23
23
23
23
23
23
24
24
24
24
24
24
25
25
25
25
25
25
26
26
26
26
26
27
28
28
29
30
30
31
38
38
40
40
41
41
43
43
44
45
45
45
46
46
47
47
47
48
48
48
49
49
49
50
50
50
52
52
52
54
54
54
54
54
54
55
55
55
55
55
57
58
58
58
59
60
60
61
61
62
63
64
64
65
65
65
66
67
67
68
69
69
69
70
70
71
71
71
71
71
72
72
73
73
73
73
73
73
74
74
74
74
75
76
77
78
78
78
80
80
80
80
80
81
81
81
82
82
83
83
84
85
85
86
88
88
88
89
89
89
90
90
90
90
91
93
94
18
18
18
18
19
19
19
19
19
19
20
20
20
20
20
20
20
21
21
21
21
21
21
21
21
21
22
22
22
22
22
22
22
22
22
22
23
23
23
23
23
23
23
23
24
24
24
25
25
25
25
26
26
27
27
28
28
28
28
29
29
30
30
31
31
33
33
34
34
35
37
39
43
43
44
46
46
48
48
48
48
48
50
50
51
51
51
55
57
58
58
59
59
61
62
64
65
68
68
69
70
71
71
72
74
74
74
75
75
77
80
81
84
84
86
87
87
89
90
62
63
65
66
66
67
67
69
69
70
71
71
72
72
72
72
72
73
73
73
73
73
73
74
75
75
76
77
77
77
78
78
78
78
78
78
79
80
80
80
80
80
81
81
81
83
83
83
83
83
84
84
86
87
87
89
92
92
96
64
64
66
67
68
69
70
70
70
71
71
71
72
73
73
74
75
75
75
76
77
77
78
78
79
79
80
80
80
81
81
82
82
83
84
84
86
86
88
90
90
